1111111101          5186
1111111102          5186
1111111103          5186
1111111104          5186
1111111105          5186
1111111106          5186
1111111107          5186
1111111108          5186
1111111109          5186
1111111110          5186
1111111334          6620
1111111335          6620
1111111336          6620
1111111337          6620
1111111338          6620
1111111339          6620
1111111340          6620
1111111341          6620
1111111342          6620
1111111343          6620
1111111344          6620
1111111345          6620
1111111346          6620
1111111347          6620
1111111348          6620
1111111349          6620
1111111350          6620
1111111351          6620
1111111352          6620
1111111353          6620
1111111354          6620
1111111355          6620
1111111356          6620
1111111357          6620
1111111358          6620
1111111359          6620
1111111360          6620
1111111361          6620
1111111362          6620
1111111363          6620
1111111364          6620
1111111365          6620
1111111366          6620
1111111367          6620
1111111368          6620
1111111369          6620
1111111370          6620
1111111371          6620
1111111372          6620
1111111373          6620
1111111374          6620
1111111375          6620
1111111376          6620
1111111377          6620
1111111378          6620
1111111379          6620
1111111380          6620
1111111381          6620
1111111382          6620
1111111383          6620
1111111384          6620
1111111385          6620
1111111386          6620
1111111387          6620
1111111388          6620
1111111389          6620
1111111390          6620
1111111391          6620
1111111392          6620
1111111393          6620
1111111394          6620
1111111395          6620
1111111396          6620
1111111397          6620
1111111398          6620
1111111399          6620
1111111400          6620
1111111401          6620
1111111402          6620
1111111403          6620
1111111404          6620
1111111405          6620
1111111406          6620
1111111407          6620
1111111408          6620
1111111409          6620
1111111410          6620
1111111411          6620
1111111412          6620
1111111413          6620
1111111414          6620
1111111415          6620
1111111416          6620
1111111417          6620
1111111418          6620
1111111419          6620
1111111420          6620
1111111421          6620
1111111422          6620
1111111423          6620
1111111424          6620
1111111425          6620
1111111426          6620
1111111427          6620
1111111428          6620
1111111429          6620
1111111430          6620
1111111431          6620
1111111432          6620
1111111433          6620
1111111434          6620
1111111435          6620
1111111436          6620
1111111437          6620
1111111438          6620
1111111439          6620
1111111440          6620
1111111441          6620
1111111442          6620
1111111443          6620
1111111556          1712
1111111557          1712
1111111558          1712
1111111559          1712
1111111560          1712
1111111561          1712
1111111562          1712
1111111563          1712
1111111564          1712
1111111565          1712
1111111566          1712
1111111567          1712
1111111568          1712
1111111569          1712
1111111570          1712
1111111571          1712
1111111572          1712
1111111573          1712
1111111574          1712
1111111575          1712
1111111576          1712
1111111577          1712
1111111578          1712
1111111579          1712
1111111580          1712
1111111581          1712
1111111582          1712
1111111583          1712
1111111584          1712
1111111585          1712
1111111586          1712
1111111587          1712
1111111588          1712
1111111589          1712
1111111590          1712
1111111591          1712
1111111592          1712
1111111593          1712
1111111594          1712
1111111595          1712
1111111596          1712
1111111597          1712
1111111598          1712
1111111599          1712
1111111600          1712
1111111601          1712
1111111602          1712
1111111603          1712
1111111604          1712
1111111605          1712
1111111606          1712
1111111607          1712
1111111608          1712
1111111609          1712
1111111610          1712
1111111611          1712
1111111612          1712
1111111613          1712
1111111614          1712
1111111615          1712
1111111616          1712
1111111617          1712
1111111618          1712
1111111619          1712
1111111620          1712
1111111621          1712
1111111622          1712
1111111623          1712
1111111624          1712
1111111625          1712
1111111626          1712
1111111627          1712
1111111628          1712
1111111629          1712
1111111630          1712
1111111631          1712
1111111632          1712
1111111633          1712
1111111634          1712
1111111635          1712
1111111636          1712
1111111637          1712
1111111638          1712
1111111639          1712
1111111640          1712
1111111641          1712
1111111642          1712
1111111643          1712
1111111644          1712
1111111645          1712
1111111646          1712
1111111647          1712
1111111648          1712
1111111649          1712
1111111650          1712
1111111651          1712
1111111652          1712
1111111653          1712
1111111654          1712
1111111655          1712
1111111656          1712
1111111657          1712
1111111658          1712
1111111659          1712
1111111660          1712
1111111661          1712
1111111662          1712
1111111663          1712
1111111664          1712
1111111665          1712
